const serials = [
  60067, 10662, 11064, 28919, 92588, 41050, 80909, 89906, 88950, 80931, 63671,
  55845, 71380, 42218, 86933, 24568, 60330, 42457, 63295, 88909, 58857, 73699,
  27323, 99487, 92936, 36242, 97430, 96545, 26370, 73967, 16480, 13176, 41989,
  51452, 76609, 63272, 81803, 34855, 23097, 79624, 46820, 90194, 24826, 81041,
  50472, 92254, 69486, 53063, 89730, 76680, 11128, 11658, 90871, 30320, 96511,
  63088, 16341, 75856, 48353, 35478, 78189, 93358, 32967, 79828, 14555, 30560,
  81438, 70959, 37754, 86067, 13912, 95299, 19941, 60837, 70039, 37326, 29816,
  76042, 80670, 45347, 78959, 78749, 59770, 53029, 86761, 71920, 42854, 83289,
  95790, 97798, 27026, 62037, 80496, 20461, 60219, 51224, 91266, 71363, 92685,
  99875, 21811, 29451, 18181, 93869, 45813, 55513, 58883, 50606, 34122, 49443,
  76384, 61397, 82315, 67894, 39216, 98551, 97300, 94882, 93886, 37213, 23071,
  88187, 92773, 82279, 53566, 42167, 76889, 12152, 14813, 35015, 94565, 63836,
  84985, 56952, 33990, 71467, 76992, 19767, 73827, 12207, 95915, 19855, 80847,
  56281, 81179, 99895, 89078, 93174, 25357, 82728, 76144, 26280, 31776, 25298,
  93796, 75446, 63386, 61885, 38534, 83406, 54463, 81000, 18267, 10730, 67918,
  16759, 85810, 65176, 11359, 34009, 32327, 74008, 50670, 55762, 44479, 77117,
  33245, 83929, 53093, 73766, 75745, 65830, 32582, 61268, 15616, 78370, 88894,
  63811, 72961, 44655, 37236, 87420, 28212, 39011, 33664, 28860, 36828, 28727,
  74828, 78114, 64313, 83478, 30573, 35444, 91860, 90482, 51007, 41517, 16599,
  59032, 54708, 87168, 32174, 87257, 18691, 46792, 44569, 19834, 40902, 84952,
  62364, 57908, 84235, 33404, 87061, 19578, 59793, 53710, 48406, 93693, 16085,
  81714, 27264, 22776, 25048, 64737, 25351, 66821, 58709, 81865, 98260, 43496,
  92868, 46991, 15118, 70012, 22221, 33554, 16097, 68643, 98989, 22800, 40681,
  13832, 32352, 21321, 48486, 67993, 50640, 32259, 50523, 75493, 18135, 77171,
  87072, 27969, 85620, 79729, 47326, 95131, 83249, 68076, 30799, 99206, 63256,
  18203, 30647, 47821, 99272, 82280, 34691, 41301, 38726, 53522, 96309, 24115,
  70014, 87734, 43821, 45501, 72939, 59816, 38460, 36564, 68065, 38692, 21989,
  21903, 98743, 99857, 78624, 74933, 32903, 45784, 75107, 34101, 11065, 68806,
  85007, 52491, 31524, 47201, 83738, 92638, 22896, 45264, 65290, 28444, 48164,
  26772, 37198, 14567, 10613, 66711, 32759, 60706, 54859, 71328, 51436, 52001,
  60270, 62902, 49997, 70448, 19376, 26468, 18352, 36106, 61530, 74369, 37182,
  72134, 90668, 43617, 11260, 56180, 20920, 96864, 77593, 83760, 75247, 64178,
  29559, 51991, 35212, 76332, 23547, 36866, 33316, 51449, 44436, 28067, 42899,
  65947, 17645, 18661, 57821, 29840, 39422, 74192, 70136, 77531, 13593, 40960,
  42830, 11426, 26478, 72479, 91271, 60572, 29993, 56994, 74473, 86559, 43149,
  95546, 98247, 57329, 33906, 72538, 53090, 99101, 83706, 57030, 73577, 99950,
  12577, 83291, 22708, 65033, 90793, 37850, 99234, 70213, 15301, 39799, 89572,
  60396, 95366, 85613, 78925, 10907, 80205, 29497, 72722, 54122, 80120, 30220,
  97356, 93033, 90577, 26473, 99920, 88631, 55758, 20637, 63564, 92752, 24947,
  64990, 12536, 63063, 63542, 55851, 48130, 26824, 89879, 78867, 85924, 40878,
  58724, 14385, 68768, 77797, 97930, 38371, 55318, 69884, 25410, 98178, 68907,
  79520, 20040, 41238, 61641, 38714, 26706, 84501, 56698, 14886, 87363, 91981,
  14421, 83012, 74072, 68298, 34591, 87484, 11599, 77234, 44869, 35341, 91874,
  60156, 83072, 96471, 25959, 40511, 75294, 46320, 74582, 74431, 29405, 56449,
  75137, 27498, 43810, 90504, 93809, 80799, 54389, 59321, 97641, 55839, 78677,
  16570, 13722, 69039, 81711, 82101, 14138, 93074, 88574, 13134, 25510, 27404,
  45504, 50179, 91239, 44313, 46947, 42193, 16009, 45832, 36651, 95530, 45121,
  71754, 88946, 22968, 96410, 86070, 32028, 80459, 37550, 49073, 15061, 90688,
  19550, 75584, 64560, 62717, 58781, 97201, 61277, 34957, 60234, 40191, 88718,
  12347, 93496, 55666, 33739, 44837, 13089, 38141, 28467, 43117, 61919, 11545,
  40703, 29216, 98518, 42005, 83549, 21894, 24823, 15234, 83460, 15168, 98690,
  61998, 77735, 76549, 10496, 36312, 29862, 94685, 54754, 18116, 86645, 80096,
  54260, 30182, 32636, 13815, 90523, 76479, 77511, 48708, 33654, 72501, 32899,
  97035, 82759, 54879, 97235, 72461, 83480, 79672, 64302, 45459, 87391, 44445,
  61850, 81126, 13741, 95100, 38488, 55465, 87737, 30732, 91817, 29718, 10883,
  30251, 28711, 82940, 66625, 57143, 30686, 94933, 84774, 88711, 21037, 13194,
  34052, 20081, 67629, 90682, 89359, 48923, 17916, 91098, 84102, 25268, 67544,
  73969, 42392, 10971, 40999, 25433, 38412, 32449, 63744, 43712, 88469, 40299,
  29765, 20362, 65136, 35053, 50259, 24893, 62934, 59093, 72748, 91986, 18864,
  22505, 76842, 63727, 90003, 61005, 42331, 98495, 22623, 30283, 76625, 24161,
  22185, 53650, 75985, 69928, 25511, 66293, 99307, 26756, 93683, 74550, 33194,
  11237, 18298, 31059, 71353, 36527, 25278, 28606, 64978, 92683, 99432, 89817,
  70182, 60532, 74180, 97802, 37088, 26267, 34029, 61644, 49651, 96465, 63573,
  51281, 82013, 97782, 18766, 94391, 43019, 84339, 56587, 40034, 92915, 57265,
  50380, 61109, 51080, 15618, 41281, 74183, 56104, 71167, 42267, 11713, 54720,
  54789, 80380, 15683, 47220, 43684, 19249, 92922, 48372, 88685, 95190, 81644,
  29545, 80027, 48791, 23560, 69988, 88853, 48014, 43957, 72604, 54294, 58193,
  67445, 40955, 31736, 82567, 73262, 62862, 48376, 25016, 89601, 69181, 16714,
  91792, 55779, 67241, 61969, 87190, 24675, 75061, 47868, 86171, 28191, 95439,
  89796, 79180, 66966, 90471, 75226, 16797, 99327, 69313, 61467, 14580, 57197,
  47400, 67333, 40825, 61900, 23644, 29838, 91274, 39451, 70632, 94768, 60293,
  12475, 18896, 35640, 86031, 20173, 16686, 64395, 70315, 55747, 11699, 96768,
  17518, 35831, 25965, 95394, 44869, 52546, 91226, 83536, 18916, 27993, 81877,
  51958, 23575, 31735, 11986, 59871, 74902, 61468, 97715, 27607, 89486, 42597,
  65156, 13696, 14060, 85199, 39924, 43713, 28486, 47489, 24249, 24944, 33721,
  78340, 31386, 36733, 69977, 74301, 26555, 97395, 38004, 64076, 92396, 32715,
  36873, 51163, 67391, 49526, 98570, 57753, 49283, 32298, 29408, 73317, 31200,
  31067, 16764, 12183, 79814, 34859, 88074, 75037, 19993, 98292, 52625, 80557,
  60419, 22809, 31941, 90372, 17062, 49569, 78772, 13453, 35291, 78155, 15837,
  85101, 82761, 89913, 15383, 53513, 87338, 26028, 70951, 96416, 28216, 78109,
  87128, 78904, 57143, 82614, 36611, 53405, 32241, 79389, 97622, 53045, 19905,
  18583, 48201, 72888, 54239, 21776, 52780, 65610, 14422, 73081, 77248, 38996,
  70335, 42182, 34778, 19618, 32910, 87770, 57655, 77350, 79180, 39204, 14579,
  10579, 76304, 78249, 57408, 31805, 19654, 41756, 35076, 24501, 19515, 48716,
  13817, 70856, 62638, 15276, 36583, 72848, 17144, 66550, 94111, 72824, 63212,
  93719, 48202, 43479, 35158, 19584, 14122, 30345, 62841, 30156, 53514, 96074,
  11644, 26940, 22857, 97547, 31572, 83445, 46093, 71146, 19461, 89279, 14177,
  79657, 73627, 10103, 14860, 95920, 33245, 36659, 81019, 36965, 93948, 13087,
  86738, 96613, 32390, 27349, 42213, 23528, 93847, 88630, 78471, 58325, 45847,
  13554, 31368, 68561, 87196, 24295, 36622, 41196, 73026, 52054, 11034, 43402,
  98973, 97820, 47763, 18533, 93843, 34841, 40512, 35067, 62552, 41904
]
